q=[0 0 1 0 0 0 0; 
    1 0 0 0 1 0 0;
    0 1 0 1 0 1 0; 
    1 1 1 1 1 1 1; 
    0 1 0 0 0 1 0; 
    0 0 1 0 1 0 1; 
    1 1 1 1 1 1 1];q=q'
d=diag(1./[1 2 3 7 2 3 7]);
q=q*d
